0 2
0 4
0 5
0 7
0 10
0 12
0 13
1 0
1 1
1 4
1 8
1 11
1 13
1 14
2 2
2 5
2 7
2 8
2 9
2 11
3 0
3 2
3 3
3 7
3 9
3 12
3 14
4 0
4 5
4 8
4 10
4 12
4 13
4 14
5 1
5 2
5 4
5 9
5 11
5 14
6 4
6 5
6 6
6 7
6 10
6 13
6 14
7 0
7 1
7 3
7 6
7 8
7 10
7 12
8 1
8 4
8 6
8 7
8 9
8 10
8 11
8 13
8 14
9 0
9 2
9 5
9 10
9 13
10 0
10 1
10 4
10 5
10 6
10 8
10 9
10 12
11 0
11 2
11 3
11 4
11 6
11 7
11 9
11 11
12 0
12 1
12 4
12 7
12 11
12 13
13 2
13 3
13 5
13 7
13 8
13 10
13 13
13 14
14 0
14 1
14 4
14 8
14 10
14 14
