0 2
0 3
0 5
0 7
0 9
0 10
0 14
1 0
1 1
1 4
1 6
1 8
1 11
1 12
2 1
2 2
2 5
2 7
2 9
2 12
2 13
3 0
3 3
3 4
3 6
3 8
3 10
3 11
3 14
4 2
4 5
4 6
4 8
4 9
4 12
5 0
5 2
5 3
5 6
5 9
5 10
5 12
5 14
6 1
6 4
6 5
6 7
6 8
6 11
6 13
7 0
7 1
7 3
7 6
7 8
7 10
7 12
7 13
8 1
8 4
8 5
8 7
8 8
8 11
8 13
9 0
9 2
9 3
9 6
9 9
9 10
9 12
9 14
10 2
10 5
10 6
10 8
10 9
10 12
11 0
11 3
11 4
11 6
11 8
11 10
11 11
11 14
12 1
12 2
12 5
12 7
12 9
12 12
12 13
13 0
13 1
13 4
13 6
13 8
13 11
13 12
14 2
14 3
14 5
14 7
14 9
14 10
14 14